# jours_écoulés 	 nombreTotalContaminésGrippe 	 nombreTotalContaminésAgentPathogène() 	 temps pas 	 temps total
0	0	19972	0.0168943	0.0168944
1	0	20155	0.0153659	0.0325008
2	0	21536	0.0150245	0.0477309
3	0	23069	0.0154895	0.0634243
4	0	24813	0.0153338	0.0789313
5	0	26578	0.0152114	0.0943151
6	0	28454	0.0149838	0.10947
7	0	30376	0.0152898	0.124933
8	0	32487	0.0155818	0.140688
9	0	34642	0.0154534	0.156332
10	0	36834	0.0150831	0.171594
11	0	39006	0.0152162	0.18698
12	0	41193	0.0153265	0.202476
13	0	43578	0.0155441	0.218203
14	0	45752	0.0180314	0.236411
15	0	47890	0.0153933	0.251982
16	0	49737	0.0155043	0.267653
17	0	51489	0.0153409	0.283168
18	0	52963	0.0154163	0.298755
19	0	54216	0.0155247	0.314453
20	0	55120	0.0155224	0.330143
21	0	55791	0.015689	0.346001
22	0	56123	0.0153869	0.361565
23	0	56334	0.015485	0.377219
24	0	56456	0.0155154	0.392905
25	0	56418	0.0154179	0.408495
26	0	56332	0.0152914	0.423961
27	0	56103	0.0155303	0.439656
28	0	55893	0.0153389	0.455163
29	0	55616	0.0155571	0.470886
30	0	55392	0.0154821	0.486543
31	0	55187	0.015372	0.502087
32	0	55093	0.0154405	0.51769
33	0	55086	0.0154963	0.533366
34	0	54913	0.0153049	0.548844
35	0	54771	0.0184161	0.567437
36	0	54715	0.0156022	0.58321
37	0	54653	0.0154095	0.598798
38	0	54694	0.0154618	0.61443
39	0	54586	0.0154551	0.630057
40	0	54551	0.015327	0.645556
41	0	54507	0.0153556	0.661088
42	0	54483	0.0154676	0.676726
43	0	54367	0.0153794	0.692284
44	0	54379	0.0153934	0.70785
45	0	54319	0.015554	0.723576
46	0	54306	0.0156545	0.739402
47	0	54363	0.0155248	0.755097
48	0	54357	0.0155694	0.770832
49	0	54410	0.0155638	0.786564
50	0	54390	0.0155931	0.802337
51	0	54447	0.0153725	0.817886
52	0	54365	0.0153123	0.833368
53	0	54367	0.0159422	0.849494
54	0	54437	0.0155059	0.865214
55	0	54446	0.0154698	0.880899
56	0	54494	0.0154983	0.896556
57	0	54486	0.0154557	0.912187
58	0	54415	0.0154713	0.927834
59	0	54479	0.0154257	0.943428
60	0	54392	0.0154876	0.959081
61	0	54412	0.0155464	0.974803
62	0	54357	0.0154656	0.990438
63	0	54459	0.0155836	1.00619
64	0	54412	0.0154612	1.02184
65	0	54388	0.0158073	1.03783
66	0	54455	0.0156431	1.05366
67	0	54443	0.0155775	1.06944
68	0	54449	0.0152936	1.08492
69	0	54470	0.0153971	1.10051
70	0	54456	0.0153724	1.11605
71	0	54498	0.0155763	1.13181
72	19	54553	0.0155076	1.14748
73	25	54479	0.015498	1.16315
74	29	54425	0.0153087	1.17864
75	49	54341	0.0154167	1.19422
76	64	54331	0.0153631	1.20975
77	83	54239	0.0154429	1.22538
78	112	54289	0.0154212	1.24097
79	150	54199	0.0153887	1.25653
80	187	54200	0.0154832	1.27218
81	228	54098	0.0155067	1.28787
82	315	54086	0.015505	1.30354
83	424	54038	0.0163798	1.3201
84	526	54149	0.0160048	1.33629
85	685	54191	0.0155975	1.35207
86	872	54267	0.0157027	1.36795
87	1143	54229	0.0156434	1.38376
88	1373	54229	0.0155567	1.39949
89	1696	54257	0.0155918	1.41527
90	1999	54374	0.0155737	1.43101
91	2359	54331	0.0157131	1.44689
92	2720	54351	0.0155314	1.46259
93	3064	54392	0.0158688	1.47862
94	3417	54461	0.0156775	1.49448
95	3844	54461	0.0159165	1.51056
96	4256	54441	0.0159421	1.52668
97	4657	54397	0.0159933	1.54285
98	5040	54410	0.0158876	1.55891
99	5337	54375	0.0190459	1.57812
100	5727	54428	0.0158125	1.59412
101	6001	54447	0.0159691	1.61026
102	6326	54415	0.0161781	1.62661
103	6605	54493	0.0161878	1.64299
104	6810	54556	0.0161152	1.65928
105	7038	54425	0.0168751	1.67638
106	7206	54446	0.0160477	1.69261
107	7476	54468	0.0159286	1.70871
108	7616	54407	0.0161676	1.72505
109	7774	54413	0.0160572	1.74128
110	7885	54478	0.016193	1.75763
111	8079	54472	0.0161041	1.77391
112	8268	54584	0.0161923	1.79027
113	8424	54536	0.0160824	1.80653
114	8555	54572	0.0161018	1.8228
115	8664	54498	0.0162798	1.83924
116	8711	54554	0.017121	1.8567
117	8829	54504	0.0163182	1.8732
118	8728	54524	0.0160288	1.88941
119	8581	54505	0.0163783	1.90596
120	8458	54544	0.0162802	1.92241
121	8109	54505	0.0160895	1.93867
122	7952	54515	0.016288	1.95513
123	7694	54541	0.0163511	1.97165
124	7448	54632	0.0159846	1.98781
125	7212	54670	0.0159518	2.00394
126	6969	54688	0.0160187	2.02013
127	6658	54635	0.0159608	2.03626
128	6317	54567	0.0161971	2.05263
129	6068	54549	0.0159512	2.06876
130	5674	54520	0.0157484	2.0847
131	5309	54581	0.0159105	2.10079
132	5001	54562	0.0163048	2.11728
133	4655	54510	0.0158878	2.13335
134	4273	54398	0.0155073	2.14904
135	3971	54546	0.0159894	2.16519
136	3636	54557	0.0158377	2.18119
137	3258	54578	0.0158957	2.19726
138	2863	54541	0.0158375	2.21327
139	2466	54487	0.0158089	2.22925
140	2082	54477	0.0153343	2.24477
141	1738	54457	0.0164329	2.26138
142	1470	54502	0.015324	2.27693
143	1177	54505	0.0156814	2.29278
144	952	54543	0.015634	2.30858
145	765	54570	0.0157287	2.32459
146	586	54502	0.0154664	2.34023
147	468	54472	0.0153552	2.35586
148	347	54377	0.0155843	2.37161
149	240	54298	0.0152972	2.38707
150	164	54221	0.0154478	2.4027
151	129	54214	0.0153862	2.41827
152	106	54214	0.0155198	2.43396
153	81	54332	0.0164045	2.45058
154	62	54330	0.0153933	2.46614
155	45	54405	0.0155485	2.48186
156	32	54411	0.0154506	2.49748
157	24	54298	0.0155588	2.51321
158	16	54286	0.0155286	2.52891
159	11	54217	0.0154809	2.54456
160	7	54343	0.0153065	2.56005
161	5	54382	0.0155381	2.57576
162	2	54417	0.0185472	2.5945
163	1	54432	0.0156176	2.61029
164	0	54388	0.0155241	2.62599
165	0	54289	0.0159228	2.64209
166	0	54221	0.015609	2.6579
167	0	54276	0.0155426	2.67361
168	0	54185	0.0154162	2.6892
169	0	54144	0.0155839	2.70496
170	0	54023	0.0154669	2.7206
171	0	53980	0.0153596	2.73613
172	0	54018	0.0156659	2.75196
173	0	53973	0.0153605	2.76749
174	0	53944	0.0155187	2.78319
175	0	54010	0.015338	2.79869
176	0	54118	0.0154289	2.81429
177	0	54113	0.0155914	2.83005
178	0	54034	0.0156	2.84582
179	0	54048	0.0155014	2.8615
180	0	53976	0.0155107	2.87718
181	0	53965	0.0155086	2.89286
182	0	53965	0.0154672	2.90852
183	0	53912	0.0154772	2.92416
184	0	53888	0.0161492	2.94047
185	0	53997	0.0165142	2.95716
186	0	53833	0.0183287	2.97573
187	0	53784	0.0192551	2.99518
188	0	53885	0.0229635	3.01835
189	0	53982	0.018542	3.03716
190	0	53945	0.0410321	3.0784
191	0	53931	0.0188529	3.09768
192	0	53922	0.0201943	3.1181
193	0	53969	0.0176285	3.1361
194	0	53905	0.0213932	3.15797
195	0	53917	0.0187266	3.17693
196	0	53926	0.0206007	3.19773
197	0	53951	0.018632	3.21679
198	0	53994	0.0169549	3.23394
199	0	54064	0.0157806	3.24993
200	0	54132	0.0279118	3.27821
201	0	54098	0.0295757	3.30814
202	0	54113	0.01981	3.32822
203	0	54072	0.0195191	3.34792
204	0	54210	0.0227782	3.37089
205	0	54198	0.0167161	3.3879
206	0	54192	0.0172528	3.40537
207	0	54322	0.0199357	3.42563
208	0	54333	0.0167984	3.44265
209	0	54354	0.0167758	3.45962
210	0	54459	0.0213768	3.4812
211	0	54379	0.0188615	3.50032
212	0	54246	0.0169515	3.51747
213	0	54234	0.0204043	3.53811
214	0	54257	0.0166046	3.55494
215	0	54329	0.0167082	3.57185
216	0	54325	0.0189882	3.59105
217	0	54269	0.0181224	3.60942
218	0	54208	0.0168178	3.6265
219	0	54176	0.0195504	3.64628
220	0	54268	0.0181291	3.66461
221	0	54264	0.0301679	3.69496
222	0	54259	0.0230149	3.71817
223	0	54234	0.0184933	3.73697
224	0	54324	0.0176711	3.75484
225	0	54187	0.0208057	3.776
226	0	54144	0.0164751	3.79268
227	0	54161	0.0167221	3.80961
228	0	54184	0.0209135	3.83076
229	0	54235	0.0202429	3.85123
230	0	54232	0.0194203	3.8709
231	0	54261	0.0220953	3.89338
232	0	54246	0.0165286	3.91016
233	0	54240	0.0165114	3.92687
234	0	54344	0.018732	3.94581
235	0	54460	0.0180516	3.96407
236	0	54392	0.0167709	3.98102
237	0	54345	0.023868	4.00508
238	0	54417	0.0164403	4.02174
239	0	54338	0.0185045	4.04043
240	0	54228	0.0174939	4.05814
241	0	54214	0.0201593	4.07851
242	0	54318	0.0175088	4.09622
243	0	54385	0.0177895	4.11421
244	0	54416	0.023031	4.13749
245	0	54317	0.0172809	4.155
246	0	54314	0.0174042	4.17263
247	0	54211	0.0202849	4.19317
248	0	54253	0.0166792	4.21014
249	0	54290	0.0163305	4.22667
250	0	54299	0.0167593	4.24362
251	0	54422	0.0192485	4.26306
252	0	54478	0.0179339	4.28121
253	0	54550	0.0175596	4.29895
254	0	54563	0.0213478	4.32054
255	0	54545	0.0163429	4.3371
256	0	54514	0.0173583	4.35467
257	0	54505	0.0227362	4.37777
258	0	54537	0.0182905	4.39625
259	0	54528	0.0167198	4.41316
260	0	54471	0.0191634	4.43251
261	0	54451	0.0168461	4.45012
262	0	54397	0.0158592	4.46617
263	0	54440	0.0162165	4.48258
264	0	54523	0.0234042	4.50622
265	0	54521	0.0160706	4.52251
266	0	54532	0.0174498	4.54015
267	0	54312	0.0188991	4.55928
268	0	54249	0.0160433	4.57554
269	0	54340	0.0183846	4.59411
270	0	54357	0.0220952	4.61644
271	0	54283	0.0174615	4.63413
272	0	54352	0.0176515	4.65201
273	0	54308	0.0187338	4.67114
274	0	54311	0.0187181	4.69023
275	0	54252	0.0173347	4.70775
276	0	54177	0.019737	4.72772
277	0	54279	0.0174796	4.7455
278	0	54325	0.0166996	4.76237
279	0	54208	0.0233938	4.786
280	0	54215	0.016338	4.80256
281	0	54245	0.0164431	4.81919
282	0	54118	0.0227466	4.84246
283	0	54163	0.0164849	4.85914
284	0	54117	0.0192144	4.87856
285	0	54179	0.0197959	4.89859
286	0	54181	0.0159658	4.9148
287	0	54204	0.0165731	4.93186
288	0	54223	0.0229752	4.95507
289	0	54285	0.017483	4.97281
290	0	54261	0.0158429	4.98883
291	0	54315	0.0178816	5.00689
292	0	54348	0.0177874	5.02486
293	0	54266	0.0201696	5.04529
294	0	54245	0.0175717	5.06312
295	0	54192	0.0198496	5.08322
296	0	54192	0.0215115	5.10497
297	0	54202	0.0165661	5.1218
298	0	54270	0.0169884	5.13897
299	0	54373	0.021414	5.16062
300	0	54454	0.0235996	5.1845
301	0	54395	0.016869	5.20166
302	0	54427	0.0232315	5.22539
303	0	54400	0.0175329	5.24317
304	0	54506	0.0166218	5.25997
305	0	54434	0.0257523	5.28592
306	0	54482	0.0178908	5.30409
307	0	54459	0.0174312	5.32175
308	0	54493	0.0189976	5.34097
309	0	54487	0.0189384	5.36019
310	0	54435	0.0166744	5.37705
311	0	54386	0.01865	5.3959
312	0	54339	0.018117	5.41422
313	0	54402	0.0213324	5.43574
314	0	54395	0.02522	5.46136
315	0	54335	0.0192232	5.48083
316	0	54362	0.0198297	5.50085
317	0	54304	0.022566	5.5237
318	0	54351	0.0161044	5.54003
319	0	54390	0.0172232	5.55744
320	0	54400	0.0191058	5.57676
321	0	54397	0.015978	5.59294
322	0	54395	0.0162833	5.6094
323	0	54458	0.0184632	5.62808
324	0	54376	0.01818	5.64646
325	0	54376	0.0163068	5.66295
326	0	54327	0.0203466	5.6835
327	0	54387	0.0170613	5.70102
328	0	54305	0.0169738	5.71821
329	0	54283	0.0208974	5.73941
330	0	54258	0.0159625	5.75558
331	0	54325	0.0172249	5.77298
332	0	54318	0.01912	5.79236
333	0	54233	0.016166	5.80874
334	0	54101	0.0163061	5.82524
335	0	54090	0.020895	5.84632
336	0	53986	0.0195191	5.86607
337	0	53952	0.0189251	5.88523
338	0	54003	0.0242402	5.90984
339	0	54122	0.0163229	5.9264
340	0	54091	0.0168237	5.94342
341	0	54087	0.0206735	5.96428
342	0	54128	0.0185928	5.98312
343	0	54093	0.0172166	6.00058
344	0	54131	0.0206096	6.02145
345	0	53977	0.0186858	6.04036
346	0	53998	0.0177895	6.05836
347	0	54130	0.0198096	6.07838
348	0	54169	0.0158895	6.09453
349	0	54154	0.0187058	6.1135
350	0	54332	0.0228347	6.13657
351	0	54482	0.0179486	6.15487
352	0	54579	0.0222378	6.17732
353	0	54613	0.0227191	6.20035
354	0	54712	0.0203566	6.22094
355	0	54699	0.0194367	6.24069
356	0	54753	0.0194422	6.2606
357	0	54802	0.0159533	6.27676
358	0	54781	0.0170634	6.29409
359	0	54683	0.0208202	6.3151
360	0	54736	0.0182796	6.33362
361	0	54843	0.0160512	6.3499
362	0	54870	0.0199117	6.37
363	0	54792	0.0233741	6.39389
364	0	54706	0.0159561	6.41006
365	0	54670	0.0175823	6.42783
366	0	54755	0.0192788	6.44728
367	0	54774	0.0188594	6.4664
368	0	54749	0.0161886	6.48279
369	0	54784	0.0210679	6.50409
370	0	54885	0.0159235	6.52022
371	0	54930	0.0157955	6.53621
372	0	54931	0.0166451	6.55304
373	0	54947	0.0215445	6.57512
374	0	54879	0.0158324	6.59124
375	0	54827	0.0213993	6.61289
376	0	54686	0.0205951	6.63432
377	0	54765	0.0157654	6.65029
378	0	54732	0.0162821	6.66676
379	0	54679	0.0229001	6.69003
380	0	54653	0.0167477	6.70699
381	0	54663	0.0204905	6.72768
382	0	54571	0.022524	6.75049
383	0	54557	0.0174976	6.76822
384	0	54511	0.017331	6.78579
385	0	54542	0.0190319	6.80506
386	0	54499	0.0204929	6.82584
387	0	54452	0.0172142	6.84327
388	0	54380	0.0206145	6.86409
389	0	54401	0.0184139	6.88275
390	0	54379	0.0162265	6.89917
391	0	54417	0.0165384	6.91591
392	0	54387	0.0211375	6.93729
393	0	54382	0.0170675	6.95461
394	0	54432	0.017722	6.97255
395	0	54402	0.020752	6.99365
396	0	54394	0.0165928	7.01043
397	0	54442	0.0202774	7.0309
398	0	54357	0.0214999	7.0526
399	0	54376	0.0160039	7.06887
400	0	54323	0.0160382	7.08513
401	0	54324	0.016314	7.10167
402	0	54360	0.0164691	7.11835
403	0	54422	0.0205213	7.13926
404	0	54437	0.0168903	7.15639
405	0	54458	0.0167341	7.17332
406	0	54433	0.0188053	7.19239
407	0	54394	0.0175486	7.21016
408	0	54453	0.0162263	7.22658
409	0	54454	0.0184507	7.24523
410	0	54367	0.0177126	7.26315
411	0	54192	0.0184974	7.28183
412	0	54249	0.0221982	7.3043
413	0	54244	0.016584	7.32113
414	0	54332	0.0261701	7.34761
415	0	54257	0.0383864	7.3907
416	0	54231	0.033856	7.42484
417	0	54221	0.0323075	7.45742
418	0	54306	0.0183074	7.47616
419	0	54243	0.0167985	7.49323
420	0	54220	0.0181793	7.51168
421	0	54316	0.0246698	7.53663
422	0	54170	0.0172995	7.55445
423	0	54289	0.0173207	7.57199
424	0	54392	0.022674	7.59496
425	0	54407	0.016746	7.61194
426	0	54477	0.0166273	7.62876
427	0	54537	0.0240296	7.65299
428	0	54566	0.0166765	7.66994
429	0	54520	0.0161187	7.68628
430	0	54549	0.0164182	7.70291
431	0	54618	0.0173162	7.72041
432	0	54643	0.0220248	7.74294
433	0	54628	0.0158954	7.75907
434	0	54633	0.0172875	7.77654
435	0	54659	0.0191602	7.79591
436	0	54687	0.0159324	7.81204
437	19	54629	0.0172065	7.82943
438	25	54712	0.0214339	7.85133
439	29	54704	0.0159854	7.86754
440	57	54752	0.0161848	7.88392
441	63	54717	0.0216013	7.90577
442	82	54677	0.01625	7.92224
443	123	54602	0.0179587	7.94039
444	174	54581	0.0200657	7.96067
445	203	54625	0.0157693	7.97665
446	263	54606	0.0163767	7.99321
447	356	54737	0.0188323	8.01225
448	458	54719	0.0179168	8.03039
449	593	54637	0.0161858	8.0468
450	730	54572	0.0195618	8.06655
451	938	54535	0.0175424	8.08441
452	1168	54462	0.0163932	8.10101
453	1366	54384	0.0219426	8.12322
454	1722	54394	0.0175985	8.14102
455	1994	54257	0.0178717	8.15909
456	2360	54309	0.0205036	8.17979
457	2741	54230	0.0166537	8.19664
458	3113	54216	0.0164925	8.21332
459	3480	54299	0.0228568	8.23638
460	3864	54294	0.0163616	8.253
461	4306	54441	0.0180175	8.27121
462	4689	54498	0.0215763	8.29316
463	5107	54391	0.0166115	8.30996
464	5517	54419	0.016845	8.32699
465	5911	54353	0.0210325	8.3482
466	6234	54253	0.0198453	8.3686
467	6571	54184	0.0201559	8.38898
468	6837	54010	0.0221368	8.41161
469	7061	54068	0.016986	8.42881
470	7268	54027	0.0178971	8.4469
471	7332	54080	0.0228481	8.46996
472	7469	54093	0.0173948	8.48766
473	7405	54214	0.0180222	8.50589
474	7431	54182	0.0226999	8.52888
475	7402	54240	0.0195485	8.54869
476	7471	54253	0.0176283	8.56654
477	7477	54252	0.022203	8.58897
478	7535	54220	0.0170188	8.60622
479	7462	54336	0.0179846	8.6244
480	7479	54258	0.0206672	8.64528
481	7461	54298	0.0171773	8.66265
482	7367	54362	0.0174944	8.68034
483	7496	54400	0.0225679	8.7031
484	7477	54365	0.0177391	8.72126
485	7492	54317	0.0195039	8.74099
486	7413	54258	0.0213177	8.76258
487	7274	54205	0.0169908	8.77977
488	7263	54230	0.0171134	8.79707
489	7125	54288	0.0204518	8.8177
490	7002	54414	0.0170918	8.83514
491	6812	54458	0.0217902	8.85714
492	6602	54465	0.0222241	8.87962
493	6401	54354	0.0194354	8.89925
494	6122	54331	0.0168728	8.91645
495	5876	54267	0.0226037	8.93931
496	5606	54278	0.0166862	8.9562
497	5226	54418	0.0176163	8.974
498	4910	54416	0.0194767	8.99371
499	4614	54503	0.0163602	9.01026
500	4251	54600	0.0172381	9.02769
501	4011	54567	0.0222736	9.0502
502	3667	54613	0.0168365	9.06731
503	3359	54654	0.0165908	9.0841
504	3065	54666	0.0210421	9.10537
505	2778	54605	0.0162097	9.12179
506	2421	54634	0.0174582	9.13943
507	2164	54629	0.0200635	9.15978
508	1919	54697	0.0160578	9.17603
509	1663	54797	0.0168822	9.19309
510	1419	54834	0.0214993	9.21478
511	1234	54888	0.0185113	9.23382
512	1030	54855	0.0169348	9.25098
513	852	54869	0.0205399	9.27178
514	718	54904	0.016525	9.28851
515	588	54953	0.0175243	9.30623
516	503	54951	0.0197362	9.32622
517	427	54963	0.0164292	9.34285
518	370	55036	0.016984	9.36002
519	295	55022	0.0186551	9.37885
520	244	54953	0.0178973	9.39695
521	208	54938	0.0171702	9.41432
522	176	54884	0.0208934	9.43539
523	130	54917	0.0163134	9.45198
524	93	54844	0.01671	9.46888
525	73	54819	0.020547	9.48978
526	60	54797	0.0160246	9.506
527	48	54796	0.0172935	9.52347
528	32	54707	0.0189886	9.5427
529	21	54692	0.0159372	9.55883
530	18	54642	0.0176617	9.57667
531	17	54612	0.0213407	9.59826
532	11	54622	0.0158972	9.61438
533	8	54630	0.0164242	9.63101
534	5	54714	0.0197795	9.65099
535	0	54729	0.0198424	9.67115
536	0	54683	0.0170879	9.68843
537	0	54693	0.0196851	9.70841
538	0	54768	0.0160586	9.72467
539	0	54691	0.0163586	9.74122
540	0	54583	0.0189102	9.76033
541	0	54624	0.0178414	9.77837
542	0	54634	0.0164855	9.79508
543	0	54692	0.0234197	9.81874
544	0	54787	0.0160325	9.835
545	0	54666	0.0162937	9.85149
546	0	54690	0.0210074	9.87274
547	0	54677	0.0160384	9.889
548	0	54694	0.017412	9.90662
549	0	54668	0.0195909	9.92647
550	0	54708	0.0162601	9.94293
551	0	54691	0.0167252	9.95984
552	0	54634	0.0243539	9.98447
553	0	54583	0.0163513	10.0011
554	0	54515	0.017105	10.0184
555	0	54550	0.0223827	10.0411
556	0	54543	0.0166767	10.058
557	0	54552	0.0170614	10.0752
558	0	54529	0.0189156	10.0944
559	0	54628	0.0180987	10.1127
560	0	54617	0.016494	10.1293
561	0	54638	0.0181184	10.1477
562	0	54579	0.0181799	10.1666
563	0	54568	0.0167396	10.1836
564	0	54558	0.0232247	10.2072
565	0	54421	0.0180987	10.2255
566	0	54432	0.0168364	10.2426
567	0	54366	0.0186722	10.2615
568	0	54415	0.0182234	10.2799
569	0	54400	0.0166554	10.2967
570	0	54383	0.0224658	10.3194
571	0	54403	0.0166386	10.3363
572	0	54389	0.0174006	10.354
573	0	54371	0.0205494	10.375
574	0	54317	0.018474	10.3937
575	0	54418	0.0165436	10.4104
576	0	54384	0.0208959	10.4315
577	0	54368	0.020823	10.4528
578	0	54260	0.0182129	10.4712
579	0	54239	0.0205879	10.4922
580	0	54313	0.0164251	10.5088
581	0	54361	0.0163581	10.5254
582	0	54542	0.0207721	10.5463
583	0	54532	0.0185134	10.5651
584	0	54512	0.0165577	10.5819
585	0	54552	0.0202851	10.6024
586	0	54434	0.0158956	10.6186
587	0	54448	0.0167182	10.6355
588	0	54376	0.0209367	10.6568
589	0	54437	0.0160233	10.673
590	0	54400	0.0172852	10.6905
591	0	54393	0.0189438	10.7097
592	0	54451	0.0159478	10.7258
593	0	54509	0.0174742	10.7435
594	0	54527	0.0202933	10.764
595	0	54572	0.0163009	10.7805
596	0	54601	0.0162994	10.7969
597	0	54660	0.020841	10.818
598	0	54623	0.016143	10.8344
599	0	54715	0.0163274	10.8509
600	0	54693	0.0215041	10.8726
601	0	54686	0.0161747	10.889
602	0	54700	0.0176453	10.9068
603	0	54737	0.019699	10.9268
604	0	54782	0.0165422	10.9435
605	0	54740	0.0164717	10.9602
606	0	54712	0.0203919	10.9808
607	0	54662	0.0187391	10.9997
