# jours_écoulés 	 nombreTotalContaminésGrippe 	 nombreTotalContaminésAgentPathogène() 	 temps pas 	 temps total
0	0	19976	0.0091397	0.0091398
1	0	20901	0.0125181	0.0227922
2	0	22358	0.0200841	0.046925
3	0	24046	0.0116565	0.0599901
4	0	25822	0.0084212	0.0691771
5	0	27683	0.0085911	0.0785955
6	0	29586	0.0106491	0.0898078
7	0	31631	0.0130773	0.104434
8	0	33701	0.0161398	0.121936
9	0	35831	0.0235724	0.146554
10	0	38091	0.0123438	0.159792
11	0	40330	0.0150017	0.175775
12	0	42671	0.0130547	0.189826
13	0	45105	0.0102807	0.201731
14	0	47473	0.0114549	0.215216
15	0	49856	0.0079561	0.224461
16	0	52272	0.0135627	0.239036
17	0	54578	0.0096708	0.250176
18	0	56862	0.0092198	0.260659
19	0	59134	0.008746	0.270458
20	0	61274	0.0078403	0.279487
21	0	63330	0.0068223	0.287337
22	0	65341	0.0069649	0.294815
23	0	67100	0.0056311	0.301071
24	0	68671	0.0068425	0.308363
25	0	70041	0.0092227	0.318705
26	0	71205	0.0090668	0.328663
27	0	72114	0.0096237	0.339099
28	0	72737	0.0127477	0.352811
29	0	72982	0.0107782	0.364287
30	0	73074	0.0082924	0.373521
31	0	72940	0.0082317	0.3829
32	0	72794	0.0096689	0.393143
33	0	72311	0.0100416	0.40461
34	0	71890	0.0091304	0.414223
35	0	71273	0.0085989	0.42373
36	0	70688	0.0085811	0.433587
37	0	70166	0.0121186	0.446389
38	0	69625	0.0083036	0.455774
39	0	68901	0.0099437	0.466309
40	0	68415	0.0081675	0.475156
41	0	67945	0.0084139	0.485112
42	0	67481	0.0105825	0.49709
43	0	66964	0.0083929	0.506548
44	0	66673	0.0115739	0.519005
45	0	66395	0.0082555	0.528001
46	0	66067	0.0091233	0.538226
47	0	65697	0.0102052	0.549433
48	0	65476	0.0090021	0.559548
49	0	65162	0.0088196	0.570869
50	0	64906	0.0081519	0.580118
51	0	64630	0.0081234	0.589125
52	0	64489	0.0104694	0.600382
53	0	64432	0.0092524	0.610546
54	0	64253	0.0080483	0.620077
55	0	64193	0.0095097	0.63043
56	0	64294	0.0083299	0.639841
57	0	64231	0.0107598	0.651511
58	0	64266	0.0095781	0.66189
59	0	64324	0.0073831	0.670855
60	0	64498	0.0099185	0.681652
61	0	64704	0.0083592	0.690731
62	0	64793	0.0088535	0.70062
63	0	64978	0.009333	0.711011
64	0	65158	0.0079523	0.720187
65	0	65409	0.0095665	0.730147
66	0	65611	0.0074404	0.738343
67	0	65728	0.0090457	0.748686
68	0	65911	0.0090736	0.759083
69	0	66045	0.0093136	0.770016
70	0	66237	0.0104684	0.780954
71	0	66407	0.0077447	0.789274
72	13	66553	0.0091324	0.799407
73	25	66627	0.0102253	0.810987
74	30	66628	0.0090581	0.821756
75	45	66714	0.01039	0.833014
76	68	66803	0.0077761	0.841685
77	90	66775	0.0088501	0.851792
78	125	66837	0.0099788	0.862603
79	161	66874	0.0082643	0.872324
80	206	66855	0.0101478	0.88425
81	268	66887	0.0078948	0.893089
82	347	66889	0.0099079	0.904133
83	451	66882	0.0096213	0.914844
84	577	66872	0.0077026	0.92364
85	727	66791	0.0098492	0.93426
86	890	66841	0.0087131	0.944048
87	1095	66714	0.0087396	0.954623
88	1302	66664	0.0101714	0.965925
89	1539	66599	0.0077106	0.974699
90	1821	66459	0.0101544	0.986072
91	2082	66377	0.0090798	0.996236
92	2416	66308	0.0098689	1.00668
93	2787	66289	0.0107941	1.01886
94	3120	66269	0.0097483	1.0292
95	3498	66280	0.0081582	1.03832
96	3939	66349	0.0085503	1.04835
97	4339	66342	0.0102653	1.0599
98	4792	66320	0.0093596	1.07079
99	5205	66327	0.0098382	1.0812
100	5548	66211	0.0079987	1.09045
101	6044	66121	0.0087085	1.10028
102	6406	66096	0.0095197	1.11065
103	6721	66065	0.0096771	1.12216
104	6955	66051	0.0109524	1.13372
105	7247	66095	0.0080232	1.14235
106	7446	66018	0.0086417	1.152
107	7621	65919	0.0112889	1.16418
108	7848	66012	0.008324	1.17369
109	8022	66146	0.0113718	1.18611
110	8169	66132	0.0083733	1.19554
111	8217	66134	0.0091242	1.20595
112	8333	66176	0.0110255	1.21825
113	8467	66212	0.0099506	1.22906
114	8541	66202	0.0083591	1.23863
115	8500	66319	0.0088071	1.24837
116	8393	66301	0.0117375	1.26139
117	8280	66299	0.0087409	1.27155
118	8180	66249	0.0107983	1.28316
119	7978	66353	0.0088764	1.29334
120	7788	66453	0.0107094	1.30507
121	7689	66486	0.0112732	1.31742
122	7485	66453	0.0095546	1.32778
123	7255	66464	0.0080652	1.33691
124	7048	66406	0.0097676	1.34785
125	6820	66323	0.0092054	1.35786
126	6592	66326	0.0110633	1.37137
127	6303	66379	0.0097268	1.38196
128	5920	66434	0.0086333	1.39151
129	5687	66441	0.0086637	1.40138
130	5290	66419	0.0110568	1.41303
131	5078	66439	0.0100983	1.42428
132	4791	66414	0.0087692	1.43498
133	4464	66330	0.0080135	1.44344
134	4226	66447	0.0081068	1.45196
135	3871	66477	0.0087536	1.46157
136	3539	66493	0.0098439	1.47313
137	3185	66470	0.0110203	1.48509
138	2950	66516	0.0104679	1.49636
139	2673	66575	0.008698	1.50595
140	2409	66636	0.0087375	1.5159
141	2142	66541	0.0116536	1.52856
142	1842	66395	0.0084764	1.53818
143	1611	66344	0.0124642	1.55176
144	1374	66337	0.0088129	1.56134
145	1207	66341	0.0091782	1.57157
146	1093	66324	0.0101579	1.58283
147	976	66234	0.0083433	1.59197
148	883	66163	0.0076786	1.60139
149	793	66202	0.0085337	1.61062
150	722	66153	0.0084726	1.62
151	677	66171	0.0097037	1.63093
152	619	66170	0.0076525	1.6393
153	549	66215	0.0088035	1.6499
154	479	66167	0.0080232	1.65893
155	396	66220	0.0080076	1.66835
156	336	66114	0.0094191	1.67873
157	278	66160	0.0074629	1.6872
158	239	66232	0.0087662	1.69701
159	204	66253	0.0080445	1.70573
160	177	66304	0.0088652	1.71555
161	153	66345	0.0093786	1.72608
162	133	66359	0.0081481	1.73549
163	112	66307	0.0097512	1.74623
164	84	66347	0.0081931	1.75519
165	74	66521	0.0103407	1.76631
166	60	66498	0.007761	1.77482
167	43	66448	0.0093897	1.78534
168	29	66608	0.0098922	1.79628
169	26	66597	0.008094	1.80542
170	16	66609	0.0105747	1.81756
171	14	66637	0.0089301	1.82735
172	9	66611	0.007145	1.83537
173	6	66599	0.008252	1.8444
174	4	66535	0.0094548	1.85482
175	4	66545	0.0105599	1.86651
176	2	66513	0.0096046	1.87705
177	0	66583	0.0083019	1.88604
178	0	66537	0.0087657	1.89576
179	0	66666	0.0092299	1.9061
180	0	66582	0.0108893	1.91814
181	0	66626	0.0092936	1.92816
182	0	66668	0.0081977	1.93712
183	0	66708	0.0081798	1.94666
184	0	66699	0.0094858	1.95724
185	0	66638	0.0100856	1.96942
186	0	66625	0.0096209	1.97986
187	0	66510	0.0076846	1.98829
188	0	66531	0.008237	1.99754
189	0	66485	0.0092009	2.00754
190	0	66445	0.0095063	2.01872
191	0	66420	0.0095635	2.02876
192	0	66462	0.0076177	2.037
193	0	66407	0.0095438	2.04749
194	0	66368	0.0099371	2.0587
195	0	66316	0.0091848	2.06893
196	0	66361	0.0097021	2.07919
197	0	66330	0.0087104	2.08889
198	0	66299	0.0098726	2.09975
199	0	66260	0.0090009	2.11012
200	0	66356	0.0092639	2.12053
201	0	66405	0.0110618	2.13254
202	0	66403	0.0094743	2.14291
203	0	66339	0.0087935	2.15251
204	0	66421	0.009263	2.16281
205	0	66527	0.0080288	2.17153
206	0	66412	0.010673	2.18308
207	0	66410	0.0087916	2.19279
208	0	66445	0.0092296	2.20326
209	0	66434	0.0083314	2.21245
210	0	66366	0.0078418	2.2213
211	0	66304	0.0098218	2.23328
212	0	66250	0.0128649	2.24717
213	0	66303	0.0184036	2.26697
214	0	66326	0.0076613	2.27567
215	0	66290	0.0105833	2.28695
216	0	66314	0.0082659	2.29597
217	0	66201	0.0071761	2.30394
218	0	66290	0.0077627	2.31238
219	0	66310	0.0059784	2.31914
220	0	66228	0.0071752	2.3272
221	0	66266	0.0078879	2.33576
222	0	66244	0.008951	2.34505
223	0	66332	0.0068257	2.35262
224	0	66314	0.0108217	2.3643
225	0	66376	0.0088857	2.37397
226	0	66324	0.009341	2.38463
227	0	66453	0.0084537	2.39369
228	0	66483	0.0075125	2.40193
229	0	66543	0.0083139	2.41111
230	0	66540	0.0086412	2.42049
231	0	66465	0.0097761	2.43135
232	0	66490	0.0078399	2.44003
233	0	66530	0.0096527	2.45051
234	0	66399	0.0087433	2.46015
235	0	66443	0.007789	2.46868
236	0	66466	0.0103168	2.4808
237	0	66509	0.0083625	2.49035
238	0	66561	0.0091668	2.50144
239	0	66541	0.0089377	2.51171
240	0	66531	0.0099294	2.52234
241	0	66516	0.0104337	2.53383
242	0	66582	0.0101332	2.54445
243	0	66668	0.0075274	2.5527
244	0	66638	0.0098181	2.56362
245	0	66607	0.0092301	2.57402
246	0	66576	0.0090586	2.58501
247	0	66701	0.009025	2.59475
248	0	66571	0.0078835	2.60324
249	0	66567	0.0093103	2.61386
250	0	66588	0.0104128	2.62553
251	0	66568	0.0096713	2.63653
252	0	66506	0.0101668	2.64721
253	0	66536	0.008076	2.65627
254	0	66609	0.0085745	2.66585
255	0	66593	0.0094155	2.6763
256	0	66564	0.0086121	2.68644
257	0	66506	0.0094618	2.69664
258	0	66468	0.0087818	2.70631
259	0	66407	0.0093717	2.71618
260	0	66355	0.0090178	2.72592
261	0	66415	0.0090489	2.73656
262	0	66492	0.0094174	2.74647
263	0	66525	0.0089921	2.75641
264	0	66491	0.0093773	2.7672
265	0	66400	0.0084394	2.7765
266	0	66401	0.0082022	2.78614
267	0	66465	0.0101907	2.79719
268	0	66457	0.0090493	2.80692
269	0	66454	0.0107973	2.81904
270	0	66407	0.0083587	2.82848
271	0	66484	0.007872	2.83793
272	0	66515	0.0072999	2.84596
273	0	66425	0.0069488	2.85348
274	0	66383	0.0069766	2.86128
275	0	66455	0.0072377	2.86898
276	0	66493	0.0082316	2.87806
277	0	66550	0.0083792	2.88697
278	0	66575	0.0098752	2.89785
279	0	66542	0.0075635	2.90641
280	0	66667	0.0092039	2.91726
281	0	66726	0.0090241	2.92722
282	0	66803	0.008767	2.93739
283	0	66793	0.0098809	2.9483
284	0	66717	0.0086533	2.9577
285	0	66551	0.0080267	2.96758
286	0	66507	0.0083478	2.97721
287	0	66412	0.009425	2.988
288	0	66452	0.0091024	2.9982
289	0	66516	0.009737	3.00842
290	0	66494	0.0080689	3.01807
291	0	66580	0.0087887	3.02779
292	0	66666	0.0080822	3.037
293	0	66740	0.0091759	3.04699
294	0	66709	0.0080295	3.05604
295	0	66660	0.0101543	3.06776
296	0	66738	0.0125338	3.08146
297	0	66719	0.0097347	3.0925
298	0	66667	0.0100582	3.10441
299	0	66628	0.0080922	3.11311
300	0	66601	0.0086335	3.12308
301	0	66515	0.0119439	3.13667
302	0	66633	0.0102763	3.14787
303	0	66603	0.008569	3.15713
304	0	66498	0.0081492	3.16653
305	0	66523	0.013337	3.18186
306	0	66440	0.0110498	3.19412
307	0	66380	0.0120897	3.20768
308	0	66375	0.0096201	3.21876
309	0	66504	0.0204836	3.24056
310	0	66476	0.0156802	3.2595
311	0	66544	0.0105271	3.27154
312	0	66590	0.0290858	3.30212
313	0	66449	0.0201248	3.32383
314	0	66565	0.0153139	3.34072
315	0	66627	0.0193307	3.36174
316	0	66685	0.0125189	3.37539
317	0	66745	0.0082762	3.38724
318	0	66651	0.0102156	3.39823
319	0	66651	0.0080436	3.40733
320	0	66665	0.0072461	3.41509
321	0	66681	0.0091133	3.42559
322	0	66650	0.0090923	3.43617
323	0	66639	0.0093267	3.44622
324	0	66662	0.0083938	3.45561
325	0	66619	0.0095662	3.46662
326	0	66595	0.0086982	3.47608
327	0	66562	0.0086758	3.4861
328	0	66666	0.0091022	3.49576
329	0	66622	0.0081429	3.50485
330	0	66622	0.0088666	3.5149
331	0	66629	0.0089127	3.52487
332	0	66716	0.0080745	3.53472
333	0	66757	0.009483	3.54496
334	0	66766	0.008328	3.55433
335	0	66777	0.0079218	3.56401
336	0	66710	0.0082142	3.5731
337	0	66786	0.0091443	3.58332
338	0	66827	0.0084365	3.59248
339	0	66827	0.0078706	3.60155
340	0	66745	0.0120389	3.61486
341	0	66784	0.0355753	3.65244
342	0	66775	0.0152312	3.66915
343	0	66672	0.0177332	3.68843
344	0	66608	0.0092615	3.69907
345	0	66551	0.0110105	3.71114
346	0	66505	0.0105098	3.72308
347	0	66381	0.0211876	3.74615
348	0	66255	0.0094376	3.75682
349	0	66229	0.0106311	3.76848
350	0	66222	0.0123897	3.7826
351	0	66106	0.0141447	3.79841
352	0	66128	0.0089193	3.80933
353	0	66082	0.0086643	3.81992
354	0	66094	0.0111975	3.83221
355	0	65989	0.0193892	3.853
356	0	66034	0.0128361	3.86675
357	0	66131	0.0146139	3.88245
358	0	66131	0.0128876	3.89686
359	0	66215	0.0192237	3.91822
360	0	66313	0.0125893	3.93242
361	0	66381	0.0103149	3.9458
362	0	66419	0.0105774	3.95782
363	0	66297	0.0198177	3.97985
364	0	66212	0.0085668	3.98938
365	0	66200	0.0113414	4.00331
366	0	66218	0.0093916	4.01388
